---------------------------------------------------------------------------------------------------------
Step    N'                  1       2       3       4       5       6       8       9         10      
----------------------------------------------------------------------------------------------------------
0    {7}                   4,7     8,7     31,7     15,7   INF,7    26,7    2,7     69,7     14,7     
1    {7,8}                 4,7     8,7     31,7     8,8     53,8    26,7            15,8     14,7     
2    {7,8,1}                       8,7     31,7     8,8     44,1     5,1            15,8     14,7     
3    {7,8,1,6}                     8,7     23,6     8,8     41,6                     7,6     14,7     
4    {7,8,1,6,9}                   8,7     23,6     8,8     41,6                             14,7     
5    {7,8,1,6,9,2}                         23,6     8,8     41,6                             12,2     
6    {7,8,1,6,9,2,4}                       23,6             41,6                             12,2     
7    {7,8,1,6,9,2,4,10}                    23,6             23,10                                    
8    {7,8,1,6,9,2,4,10,3}                                   23,10                                    
9    {7,8,1,6,9,2,4,10,3,5}                                                                               


FORWARDING TABLE:
Destination |    Link
_______________________
    1       |    (7,1)
    2       |    (7,2)
    3       |    (7,1)
    4       |    (7,8)
    5       |    (7,2)
    6       |    (7,1)
    8       |    (7,8)
    9       |    (7,1)
    10      |    (7,2)

Execution time: 0.031 ms
